#Number of Sensors 5
#Sensor Range: 35
#POI: 441
#Sensor for file: 
Battery Unit : 1
Iterations: 8
Multiruns: 4
prob KD: 0.33
prob KC: 0.33
prob KDC: 0.34
iter, av_q, std_q, av_falive, std f_alive, av minBatt, std minBatt, av avBatt, std avBatt,  av maxBatt, std maxBatt, av freq_kD, std freq_kD, av freq_kC, std freq_kC, av freq_kDC, std freq_kDC
0     0.78    0.15      1.0       0.0         9.0           0.0        9.25        0.22         9.75          0.43       0.35         0.17        0.45           0.22        0.2          0.14
1     0.81    0.1      1.0       0.0         8.0           0.0        8.45        0.26         9.25          0.43       0.35         0.17        0.45           0.22        0.2          0.14
2     0.81    0.1      1.0       0.0         7.0           0.0        7.65        0.36         8.75          0.83       0.35         0.17        0.45           0.22        0.2          0.14
3     0.81    0.1      1.0       0.0         6.25           0.43        6.85        0.48         8.0          1.22       0.35         0.17        0.45           0.22        0.2          0.14
4     0.81    0.1      1.0       0.0         5.25           0.43        6.05        0.61         7.5          1.66       0.35         0.17        0.45           0.22        0.2          0.14
5     0.81    0.1      1.0       0.0         4.25           0.43        5.25        0.74         7.0          1.87       0.35         0.17        0.45           0.22        0.2          0.14
6     0.81    0.1      1.0       0.0         3.5           0.87        4.45        0.88         6.5          2.29       0.35         0.17        0.45           0.22        0.2          0.14
7     0.81    0.1      1.0       0.0         2.5           0.87        3.65        1.01         5.75          2.68       0.35         0.17        0.45           0.22        0.2          0.14
