#Number of Sensors 5
#Sensor Range: 35
#POI: 441
#Sensor for file: 
Battery Unit : 1
Iterations: 15
Multiruns: 3
prob KD: 0.33
prob KC: 0.33
prob KDC: 0.34
Strategies: 2D 3C 2D 2D 2DC 
#run 
# iter  q  f_alive minBatt avBatt maxBatt freqkD freqkC freqkDC
    0  0.53  1.0      10     9.6       10       0.6     0.2      0.2
    1  0.82  1.0      9     8.8       10       0.6     0.2      0.2
    2  0.82  1.0      8     8.0       10       0.6     0.2      0.2
    3  0.82  1.0      7     7.2       10       0.6     0.2      0.2
    4  0.82  1.0      6     6.4       10       0.6     0.2      0.2
    5  0.82  1.0      5     5.6       10       0.6     0.2      0.2
    6  0.82  1.0      4     4.8       10       0.6     0.2      0.2
    7  0.82  1.0      3     4.0       10       0.6     0.2      0.2
    8  0.82  1.0      2     3.2       10       0.6     0.2      0.2
    9  0.82  0.6      1     2.4       10       0.4     0.0      0.2
    10  0.58  0.2      0     2.0       10       0.0     0.0      0.2
    11  0.35  0.2      0     1.8       9       0.0     0.0      0.2
    12  0.35  0.2      0     1.6       8       0.0     0.0      0.2
    13  0.35  0.2      0     1.4       7       0.0     0.0      0.2
    14  0.35  0.2      0     1.2       6       0.0     0.0      0.2
#run 
# iter  q  f_alive minBatt avBatt maxBatt freqkD freqkC freqkDC
    0  0.35  1.0      10     9.8       10       0.6     0.4      0.0
    1  0.95  1.0      9     8.8       9       0.6     0.4      0.0
    2  0.8  1.0      8     8.2       9       0.6     0.4      0.0
    3  0.95  1.0      7     7.2       8       0.6     0.4      0.0
    4  0.8  1.0      6     6.6       8       0.6     0.4      0.0
    5  0.95  1.0      5     5.6       7       0.6     0.4      0.0
    6  0.8  1.0      4     5.0       7       0.6     0.4      0.0
    7  0.95  1.0      3     4.0       6       0.6     0.4      0.0
    8  0.8  1.0      2     3.4       6       0.6     0.4      0.0
    9  0.95  1.0      1     2.4       5       0.6     0.4      0.0
    10  0.8  0.4      0     1.8       5       0.0     0.4      0.0
    11  0.53  0.4      0     1.4       4       0.0     0.4      0.0
    12  0.53  0.4      0     1.0       3       0.0     0.4      0.0
    13  0.53  0.4      0     0.6       2       0.0     0.4      0.0
    14  0.53  0.2      0     0.2       1       0.0     0.2      0.0
#run 
# iter  q  f_alive minBatt avBatt maxBatt freqkD freqkC freqkDC
    0  0.53  1.0      10     9.6       10       0.8     0.0      0.2
    1  0.95  1.0      9     8.6       9       0.8     0.0      0.2
    2  0.82  1.0      8     7.8       9       0.8     0.0      0.2
    3  0.82  1.0      7     7.0       9       0.8     0.0      0.2
    4  0.82  1.0      6     6.2       9       0.8     0.0      0.2
    5  0.82  1.0      5     5.4       9       0.8     0.0      0.2
    6  0.82  1.0      4     4.6       9       0.8     0.0      0.2
    7  0.82  1.0      3     3.8       9       0.8     0.0      0.2
    8  0.82  1.0      2     3.0       9       0.8     0.0      0.2
    9  0.82  0.6      1     2.2       9       0.4     0.0      0.2
    10  0.58  0.2      0     1.8       9       0.0     0.0      0.2
    11  0.35  0.2      0     1.6       8       0.0     0.0      0.2
    12  0.35  0.2      0     1.4       7       0.0     0.0      0.2
    13  0.35  0.2      0     1.2       6       0.0     0.0      0.2
    14  0.35  0.2      0     1.0       5       0.0     0.0      0.2
