#parameters of run: 
#Number of Sensors 0
#Sensor Range: 35
#POI: 441
#Sensor for file: C:/Users/PC/Desktop/AD HOc/WSN_GUI/WSN/FILES/WSN-45d.txt
#id num_of_neighb neigb-ID
1    15     2 3 4 5 7 8 20 22 23 25 26 27 31 32 33 
2    22      1 3 4 5 6 7 8 9 10 11 12 13 14 15 16 17 18 19 31 32 33 34 
3    28      1 2 4 5 6 7 8 9 10 11 12 13 14 15 16 17 18 19 20 21 22 23 24 25 26 27 28 29 
4    33      1 2 3 5 6 7 8 9 10 11 12 13 14 15 16 17 18 19 20 21 22 23 24 26 27 28 29 30 32 33 34 35 36 
5    32      1 2 3 4 6 7 8 9 10 11 12 13 14 15 16 17 18 19 20 21 22 23 24 26 27 28 29 30 33 34 35 36 
6    24      2 3 4 5 8 9 11 12 13 14 15 17 18 19 20 21 23 24 28 29 30 34 35 36 
7    31      1 2 3 4 5 8 9 10 11 12 13 14 16 17 18 19 20 22 23 24 25 26 27 28 29 31 32 33 34 37 38 
8    38      1 2 3 4 5 6 7 9 10 11 12 13 14 15 16 17 18 19 20 21 22 23 24 25 26 27 28 29 30 31 32 33 34 35 36 37 38 39 
9    31      2 3 4 5 6 7 8 11 12 13 14 15 17 18 19 20 21 22 23 24 26 27 28 29 30 33 34 35 36 38 39 
10    31      2 3 4 5 7 8 11 12 13 14 16 17 18 19 20 22 23 25 26 27 28 29 31 32 33 34 37 38 40 41 42 
11    40      1 2 3 4 5 6 7 8 9 10 12 13 14 15 16 17 18 19 20 21 22 23 24 25 26 27 28 29 30 31 32 33 34 35 37 38 40 41 42 43 
12    43      1 2 3 4 5 6 7 8 9 10 11 13 14 15 16 17 18 19 20 21 22 23 24 25 26 27 28 29 30 31 32 33 34 35 36 37 38 39 40 41 42 43 44 
13    43      1 2 3 4 5 6 7 8 9 10 11 12 14 15 16 17 18 19 20 21 22 23 24 25 26 27 28 29 30 31 32 33 34 35 36 37 38 39 41 42 43 44 45 
14    40      1 2 3 4 5 6 7 8 9 10 11 12 13 15 16 17 18 19 20 21 22 23 24 25 26 27 28 29 30 32 33 34 35 36 38 39 42 43 44 45 
15    32      2 3 4 5 6 8 9 11 12 13 14 17 18 19 20 21 23 24 26 27 28 29 30 33 34 35 36 38 39 43 44 45 
16    33      1 2 3 4 5 7 8 10 11 12 13 14 17 18 19 20 22 23 25 26 27 28 29 31 32 33 34 35 37 38 40 41 42 
17    43      1 2 3 4 5 6 7 8 9 10 11 12 13 14 15 16 18 19 20 21 22 23 24 25 26 27 28 29 30 31 32 33 34 35 36 37 38 39 40 41 42 43 44 
18    43      1 2 3 4 5 6 7 8 9 10 11 12 13 14 15 16 17 19 20 21 22 23 24 25 26 27 28 29 30 31 32 33 34 35 36 37 38 39 40 41 42 43 44 
19    43      1 2 3 4 5 6 7 8 9 10 11 12 13 14 15 16 17 18 20 21 22 23 24 25 26 27 28 29 30 31 32 33 34 35 36 37 38 39 41 42 43 44 45 
20    42      1 3 4 5 6 7 8 9 10 11 12 13 14 15 16 17 18 19 21 22 23 24 25 26 27 28 29 30 31 32 33 34 35 36 37 38 39 41 42 43 44 45 
21    33      2 3 4 5 6 8 9 11 12 13 14 15 17 18 19 20 23 24 26 27 28 29 30 32 33 34 35 36 38 39 43 44 45 
22    38      1 2 3 4 5 7 8 9 10 11 12 13 14 16 17 18 19 20 23 24 25 26 27 28 29 31 32 33 34 35 37 38 39 40 41 42 43 44 
23    44      1 2 3 4 5 6 7 8 9 10 11 12 13 14 15 16 17 18 19 20 21 22 24 25 26 27 28 29 30 31 32 33 34 35 36 37 38 39 40 41 42 43 44 45 
24    38      2 3 4 5 6 7 8 9 11 12 13 14 15 17 18 19 20 21 22 23 26 27 28 29 30 32 33 34 35 36 37 38 39 41 42 43 44 45 
25    33      1 2 3 7 8 10 11 12 13 14 16 17 18 19 20 22 23 26 27 28 29 31 32 33 34 35 37 38 40 41 42 43 44 
26    43      1 2 3 4 5 7 8 9 10 11 12 13 14 15 16 17 18 19 20 21 22 23 24 25 27 28 29 30 31 32 33 34 35 36 37 38 39 40 41 42 43 44 45 
27    43      1 2 3 4 5 7 8 9 10 11 12 13 14 15 16 17 18 19 20 21 22 23 24 25 26 28 29 30 31 32 33 34 35 36 37 38 39 40 41 42 43 44 45 
28    43      2 3 4 5 6 7 8 9 10 11 12 13 14 15 16 17 18 19 20 21 22 23 24 25 26 27 29 30 31 32 33 34 35 36 37 38 39 40 41 42 43 44 45 
29    43      2 3 4 5 6 7 8 9 10 11 12 13 14 15 16 17 18 19 20 21 22 23 24 25 26 27 28 30 31 32 33 34 35 36 37 38 39 40 41 42 43 44 45 
30    33      4 5 6 8 9 11 12 13 14 15 17 18 19 20 21 23 24 26 27 28 29 32 33 34 35 36 38 39 41 42 43 44 45 
31    32      1 2 3 7 8 10 11 12 13 16 17 18 19 20 22 23 25 26 27 28 29 32 33 34 35 37 38 40 41 42 43 44 
32    40      1 2 3 4 7 8 10 11 12 13 14 16 17 18 19 20 21 22 23 24 25 26 27 28 29 30 31 33 34 35 36 37 38 39 40 41 42 43 44 45 
33    43      1 2 3 4 5 7 8 9 10 11 12 13 14 15 16 17 18 19 20 21 22 23 24 25 26 27 28 29 30 31 32 34 35 36 37 38 39 40 41 42 43 44 45 
34    43      2 3 4 5 6 7 8 9 10 11 12 13 14 15 16 17 18 19 20 21 22 23 24 25 26 27 28 29 30 31 32 33 35 36 37 38 39 40 41 42 43 44 45 
35    40      3 4 5 6 8 9 11 12 13 14 15 16 17 18 19 20 21 22 23 24 25 26 27 28 29 30 31 32 33 34 36 37 38 39 40 41 42 43 44 45 
36    32      4 5 6 8 9 12 13 14 15 17 18 19 20 21 23 24 26 27 28 29 30 32 33 34 35 38 39 41 42 43 44 45 
37    31      7 8 10 11 12 13 16 17 18 19 20 22 23 24 25 26 27 28 29 31 32 33 34 35 38 39 40 41 42 43 44 
38    38      7 8 9 10 11 12 13 14 15 16 17 18 19 20 21 22 23 24 25 26 27 28 29 30 31 32 33 34 35 36 37 39 40 41 42 43 44 45 
39    31      8 9 12 13 14 15 17 18 19 20 21 22 23 24 26 27 28 29 30 32 33 34 35 36 37 38 41 42 43 44 45 
40    24      10 11 12 16 17 18 22 23 25 26 27 28 29 31 32 33 34 35 37 38 41 42 43 44 
41    32      10 11 12 13 16 17 18 19 20 22 23 24 25 26 27 28 29 30 31 32 33 34 35 36 37 38 39 40 42 43 44 45 
42    33      10 11 12 13 14 16 17 18 19 20 22 23 24 25 26 27 28 29 30 31 32 33 34 35 36 37 38 39 40 41 43 44 45 
43    33      11 12 13 14 15 17 18 19 20 21 22 23 24 25 26 27 28 29 30 31 32 33 34 35 36 37 38 39 40 41 42 44 45 
44    32      12 13 14 15 17 18 19 20 21 22 23 24 25 26 27 28 29 30 31 32 33 34 35 36 37 38 39 40 41 42 43 45 
45    24      13 14 15 19 20 21 23 24 26 27 28 29 30 32 33 34 35 36 38 39 41 42 43 44 
#parameters of run: 
#Number of Sensors 0
#Sensor Range: 35
#POI: 441
#Sensor for file: C:/Users/PC/Desktop/AD HOc/WSN_GUI/WSN/FILES/WSN-45d.txt
#id num_of_neighb neigb-ID
1    15     2 3 4 5 7 8 20 22 23 25 26 27 31 32 33 
2    22      1 3 4 5 6 7 8 9 10 11 12 13 14 15 16 17 18 19 31 32 33 34 
3    28      1 2 4 5 6 7 8 9 10 11 12 13 14 15 16 17 18 19 20 21 22 23 24 25 26 27 28 29 
4    33      1 2 3 5 6 7 8 9 10 11 12 13 14 15 16 17 18 19 20 21 22 23 24 26 27 28 29 30 32 33 34 35 36 
5    32      1 2 3 4 6 7 8 9 10 11 12 13 14 15 16 17 18 19 20 21 22 23 24 26 27 28 29 30 33 34 35 36 
6    24      2 3 4 5 8 9 11 12 13 14 15 17 18 19 20 21 23 24 28 29 30 34 35 36 
7    31      1 2 3 4 5 8 9 10 11 12 13 14 16 17 18 19 20 22 23 24 25 26 27 28 29 31 32 33 34 37 38 
8    38      1 2 3 4 5 6 7 9 10 11 12 13 14 15 16 17 18 19 20 21 22 23 24 25 26 27 28 29 30 31 32 33 34 35 36 37 38 39 
9    31      2 3 4 5 6 7 8 11 12 13 14 15 17 18 19 20 21 22 23 24 26 27 28 29 30 33 34 35 36 38 39 
10    31      2 3 4 5 7 8 11 12 13 14 16 17 18 19 20 22 23 25 26 27 28 29 31 32 33 34 37 38 40 41 42 
11    40      1 2 3 4 5 6 7 8 9 10 12 13 14 15 16 17 18 19 20 21 22 23 24 25 26 27 28 29 30 31 32 33 34 35 37 38 40 41 42 43 
12    43      1 2 3 4 5 6 7 8 9 10 11 13 14 15 16 17 18 19 20 21 22 23 24 25 26 27 28 29 30 31 32 33 34 35 36 37 38 39 40 41 42 43 44 
13    43      1 2 3 4 5 6 7 8 9 10 11 12 14 15 16 17 18 19 20 21 22 23 24 25 26 27 28 29 30 31 32 33 34 35 36 37 38 39 41 42 43 44 45 
14    40      1 2 3 4 5 6 7 8 9 10 11 12 13 15 16 17 18 19 20 21 22 23 24 25 26 27 28 29 30 32 33 34 35 36 38 39 42 43 44 45 
15    32      2 3 4 5 6 8 9 11 12 13 14 17 18 19 20 21 23 24 26 27 28 29 30 33 34 35 36 38 39 43 44 45 
16    33      1 2 3 4 5 7 8 10 11 12 13 14 17 18 19 20 22 23 25 26 27 28 29 31 32 33 34 35 37 38 40 41 42 
17    43      1 2 3 4 5 6 7 8 9 10 11 12 13 14 15 16 18 19 20 21 22 23 24 25 26 27 28 29 30 31 32 33 34 35 36 37 38 39 40 41 42 43 44 
18    43      1 2 3 4 5 6 7 8 9 10 11 12 13 14 15 16 17 19 20 21 22 23 24 25 26 27 28 29 30 31 32 33 34 35 36 37 38 39 40 41 42 43 44 
19    43      1 2 3 4 5 6 7 8 9 10 11 12 13 14 15 16 17 18 20 21 22 23 24 25 26 27 28 29 30 31 32 33 34 35 36 37 38 39 41 42 43 44 45 
20    42      1 3 4 5 6 7 8 9 10 11 12 13 14 15 16 17 18 19 21 22 23 24 25 26 27 28 29 30 31 32 33 34 35 36 37 38 39 41 42 43 44 45 
21    33      2 3 4 5 6 8 9 11 12 13 14 15 17 18 19 20 23 24 26 27 28 29 30 32 33 34 35 36 38 39 43 44 45 
22    38      1 2 3 4 5 7 8 9 10 11 12 13 14 16 17 18 19 20 23 24 25 26 27 28 29 31 32 33 34 35 37 38 39 40 41 42 43 44 
23    44      1 2 3 4 5 6 7 8 9 10 11 12 13 14 15 16 17 18 19 20 21 22 24 25 26 27 28 29 30 31 32 33 34 35 36 37 38 39 40 41 42 43 44 45 
24    38      2 3 4 5 6 7 8 9 11 12 13 14 15 17 18 19 20 21 22 23 26 27 28 29 30 32 33 34 35 36 37 38 39 41 42 43 44 45 
25    33      1 2 3 7 8 10 11 12 13 14 16 17 18 19 20 22 23 26 27 28 29 31 32 33 34 35 37 38 40 41 42 43 44 
26    43      1 2 3 4 5 7 8 9 10 11 12 13 14 15 16 17 18 19 20 21 22 23 24 25 27 28 29 30 31 32 33 34 35 36 37 38 39 40 41 42 43 44 45 
27    43      1 2 3 4 5 7 8 9 10 11 12 13 14 15 16 17 18 19 20 21 22 23 24 25 26 28 29 30 31 32 33 34 35 36 37 38 39 40 41 42 43 44 45 
28    43      2 3 4 5 6 7 8 9 10 11 12 13 14 15 16 17 18 19 20 21 22 23 24 25 26 27 29 30 31 32 33 34 35 36 37 38 39 40 41 42 43 44 45 
29    43      2 3 4 5 6 7 8 9 10 11 12 13 14 15 16 17 18 19 20 21 22 23 24 25 26 27 28 30 31 32 33 34 35 36 37 38 39 40 41 42 43 44 45 
30    33      4 5 6 8 9 11 12 13 14 15 17 18 19 20 21 23 24 26 27 28 29 32 33 34 35 36 38 39 41 42 43 44 45 
31    32      1 2 3 7 8 10 11 12 13 16 17 18 19 20 22 23 25 26 27 28 29 32 33 34 35 37 38 40 41 42 43 44 
32    40      1 2 3 4 7 8 10 11 12 13 14 16 17 18 19 20 21 22 23 24 25 26 27 28 29 30 31 33 34 35 36 37 38 39 40 41 42 43 44 45 
33    43      1 2 3 4 5 7 8 9 10 11 12 13 14 15 16 17 18 19 20 21 22 23 24 25 26 27 28 29 30 31 32 34 35 36 37 38 39 40 41 42 43 44 45 
34    43      2 3 4 5 6 7 8 9 10 11 12 13 14 15 16 17 18 19 20 21 22 23 24 25 26 27 28 29 30 31 32 33 35 36 37 38 39 40 41 42 43 44 45 
35    40      3 4 5 6 8 9 11 12 13 14 15 16 17 18 19 20 21 22 23 24 25 26 27 28 29 30 31 32 33 34 36 37 38 39 40 41 42 43 44 45 
36    32      4 5 6 8 9 12 13 14 15 17 18 19 20 21 23 24 26 27 28 29 30 32 33 34 35 38 39 41 42 43 44 45 
37    31      7 8 10 11 12 13 16 17 18 19 20 22 23 24 25 26 27 28 29 31 32 33 34 35 38 39 40 41 42 43 44 
38    38      7 8 9 10 11 12 13 14 15 16 17 18 19 20 21 22 23 24 25 26 27 28 29 30 31 32 33 34 35 36 37 39 40 41 42 43 44 45 
39    31      8 9 12 13 14 15 17 18 19 20 21 22 23 24 26 27 28 29 30 32 33 34 35 36 37 38 41 42 43 44 45 
40    24      10 11 12 16 17 18 22 23 25 26 27 28 29 31 32 33 34 35 37 38 41 42 43 44 
41    32      10 11 12 13 16 17 18 19 20 22 23 24 25 26 27 28 29 30 31 32 33 34 35 36 37 38 39 40 42 43 44 45 
42    33      10 11 12 13 14 16 17 18 19 20 22 23 24 25 26 27 28 29 30 31 32 33 34 35 36 37 38 39 40 41 43 44 45 
43    33      11 12 13 14 15 17 18 19 20 21 22 23 24 25 26 27 28 29 30 31 32 33 34 35 36 37 38 39 40 41 42 44 45 
44    32      12 13 14 15 17 18 19 20 21 22 23 24 25 26 27 28 29 30 31 32 33 34 35 36 37 38 39 40 41 42 43 45 
45    24      13 14 15 19 20 21 23 24 26 27 28 29 30 32 33 34 35 36 38 39 41 42 43 44 
#parameters of run: 
#Number of Sensors 0
#Sensor Range: 35
#POI: 441
#Sensor for file: C:/Users/PC/Desktop/AD HOc/WSN_GUI/WSN/FILES/WSN-10d-irreg-r20.txt
#id num_of_neighb neigb-ID
1    4     2 3 4 5 
2    8      1 3 4 5 6 7 8 9 
3    7      1 2 4 5 6 8 9 
4    9      1 2 3 5 6 7 8 9 10 
5    9      1 2 3 4 6 7 8 9 10 
6    8      2 3 4 5 7 8 9 10 
7    7      2 4 5 6 8 9 10 
8    8      2 3 4 5 6 7 9 10 
9    8      2 3 4 5 6 7 8 10 
10    6      4 5 6 7 8 9 
