#Number of Sensors 5
#Sensor Range: 35
#POI: 441
#Sensor for file: 
Battery Unit : 1
Iterations: 20
Multiruns: 7
prob KD: 0.33
prob KC: 0.33
prob KDC: 0.34
iter av_q | std_q | av_falive | std f_alive | av minBatt | std minBatt | av avBatt | std avBatt |  av maxBatt | std maxBatt | av freq_kD | std freq_kD | av freq_kC | std freq_kC | av freq_kDC | std freq_kDC
0     0.66      0.34      0.86     0.27      4.22     3.78           5.01      3.49          5.61     3.3         0.21     0.19        0.24     0.16        0.38     0.17
1     0.41      0.26      0.79     0.34      3.72     3.52           4.71      3.5          5.5     3.4         0.18     0.2        0.22     0.16        0.36     0.21
2     0.74      0.31      0.72     0.37      3.06     3.19           3.98      3.23          4.67     3.18         0.16     0.19        0.22     0.16        0.31     0.2
3     0.31      0.29      0.7     0.4      2.89     3.07           3.74      3.19          4.44     3.32         0.16     0.19        0.22     0.16        0.3     0.21
4     0.66      0.36      0.86     0.3      4.18     3.52           5.02      3.31          5.65     3.14         0.24     0.23        0.25     0.13        0.35     0.19
5     0.42      0.29      0.81     0.33      3.71     3.41           4.69      3.29          5.53     3.22         0.22     0.24        0.24     0.14        0.33     0.21
6     0.74      0.31      0.75     0.36      3.0     3.11           3.95      3.06          4.71     3.01         0.2     0.22        0.21     0.15        0.32     0.21
7     0.38      0.3      0.74     0.36      2.71     2.89           3.65      2.98          4.47     3.07         0.19     0.22        0.21     0.15        0.32     0.21
8     0.68      0.34      0.85     0.28      3.94     3.7           4.73      3.39          5.35     3.22         0.22     0.19        0.24     0.16        0.36     0.17
9     0.43      0.25      0.78     0.34      3.41     3.38           4.41      3.37          5.24     3.32         0.19     0.2        0.21     0.16        0.34     0.2
10     0.73      0.32      0.71     0.38      2.76     3.04           3.69      3.1          4.41     3.09         0.16     0.2        0.21     0.16        0.29     0.2
11     0.33      0.28      0.68     0.41      2.59     2.89           3.45      3.03          4.18     3.22         0.16     0.2        0.21     0.16        0.28     0.21
12     0.65      0.37      0.85     0.3      4.0     3.55           4.85      3.34          5.5     3.18         0.25     0.23        0.24     0.13        0.34     0.18
13     0.45      0.28      0.8     0.34      3.5     3.41           4.5      3.3          5.38     3.26         0.24     0.24        0.23     0.14        0.31     0.2
14     0.73      0.32      0.74     0.37      2.81     3.11           3.77      3.06          4.56     3.04         0.21     0.22        0.2     0.14        0.3     0.2
15     0.41      0.29      0.72     0.37      2.5     2.85           3.45      2.96          4.31     3.1         0.2     0.22        0.2     0.14        0.3     0.2
16     0.67      0.34      0.84     0.28      3.88     3.81           4.66      3.48          5.31     3.31         0.24     0.19        0.23     0.16        0.35     0.17
17     0.46      0.23      0.76     0.35      3.31     3.46           4.33      3.46          5.19     3.41         0.2     0.2        0.2     0.16        0.33     0.2
18     0.71      0.32      0.69     0.38      2.69     3.12           3.63      3.18          4.38     3.18         0.17     0.2        0.2     0.16        0.28     0.19
19     0.35      0.28      0.66     0.41      2.5     2.96           3.36      3.1          4.12     3.31         0.17     0.2        0.2     0.16        0.26     0.2
